#define AUDIO_LENGTH 161

const int16_t tone_900Hz[AUDIO_LENGTH] = {
0,
11341,
21280,
28589,
32364,
32137,
27938,
20286,
10126,
-1286,
-12539,
-22242,
-29196,
-32540,
-31862,
-27245,
-19260,
-8894,
2571,
13718,
23170,
29757,
32666,
31537,
26509,
18204,
7649,
-3851,
-14876,
-24062,
-30273,
-32742,
-31163,
-25732,
-17121,
-6393,
5126,
16011,
24916,
30742,
32767,
30742,
24916,
16011,
5126,
-6393,
-17121,
-25732,
-31163,
-32742,
-30273,
-24062,
-14876,
-3851,
7649,
18204,
26509,
31537,
32666,
29757,
23170,
13718,
2571,
-8894,
-19260,
-27245,
-31862,
-32540,
-29196,
-22242,
-12539,
-1286,
10126,
20286,
27938,
32137,
32364,
28589,
21280,
11341,
0,
-11341,
-21280,
-28589,
-32364,
-32137,
-27938,
-20286,
-10126,
1286,
12539,
22242,
29196,
32540,
31862,
27245,
19260,
8894,
-2571,
-13718,
-23170,
-29757,
-32666,
-31537,
-26509,
-18204,
-7649,
3851,
14876,
24062,
30273,
32742,
31163,
25732,
17121,
6393,
-5126,
-16011,
-24916,
-30742,
-32767,
-30742,
-24916,
-16011,
-5126,
6393,
17121,
25732,
31163,
32742,
30273,
24062,
14876,
3851,
-7649,
-18204,
-26509,
-31537,
-32666,
-29757,
-23170,
-13718,
-2571,
8894,
19260,
27245,
31862,
32540,
29196,
22242,
12539,
1286,
-10126,
-20286,
-27938,
-32137,
-32364,
-28589,
-21280,
-11341,
0
};
