#define AUDIO_LENGTH 161

const int16_t tone_1200Hz[AUDIO_LENGTH] = {
0,
14876,
26509,
32364,
31163,
23170,
10126,
-5126,
-19260,
-29196,
-32767,
-29196,
-19260,
-5126,
10126,
23170,
31163,
32364,
26509,
14876,
0,
-14876,
-26509,
-32364,
-31163,
-23170,
-10126,
5126,
19260,
29196,
32767,
29196,
19260,
5126,
-10126,
-23170,
-31163,
-32364,
-26509,
-14876,
0,
14876,
26509,
32364,
31163,
23170,
10126,
-5126,
-19260,
-29196,
-32767,
-29196,
-19260,
-5126,
10126,
23170,
31163,
32364,
26509,
14876,
0,
-14876,
-26509,
-32364,
-31163,
-23170,
-10126,
5126,
19260,
29196,
32767,
29196,
19260,
5126,
-10126,
-23170,
-31163,
-32364,
-26509,
-14876,
0,
14876,
26509,
32364,
31163,
23170,
10126,
-5126,
-19260,
-29196,
-32767,
-29196,
-19260,
-5126,
10126,
23170,
31163,
32364,
26509,
14876,
0,
-14876,
-26509,
-32364,
-31163,
-23170,
-10126,
5126,
19260,
29196,
32767,
29196,
19260,
5126,
-10126,
-23170,
-31163,
-32364,
-26509,
-14876,
0,
14876,
26509,
32364,
31163,
23170,
10126,
-5126,
-19260,
-29196,
-32767,
-29196,
-19260,
-5126,
10126,
23170,
31163,
32364,
26509,
14876,
0,
-14876,
-26509,
-32364,
-31163,
-23170,
-10126,
5126,
19260,
29196,
32767,
29196,
19260,
5126,
-10126,
-23170,
-31163,
-32364,
-26509,
-14876,
0
};
