#define AUDIO_LENGTH 161

const int16_t tone_600Hz[AUDIO_LENGTH] = {
0,
7649,
14876,
21280,
26509,
30273,
32364,
32666,
31163,
27938,
23170,
17121,
10126,
2571,
-5126,
-12539,
-19260,
-24916,
-29196,
-31862,
-32767,
-31862,
-29196,
-24916,
-19260,
-12539,
-5126,
2571,
10126,
17121,
23170,
27938,
31163,
32666,
32364,
30273,
26509,
21280,
14876,
7649,
0,
-7649,
-14876,
-21280,
-26509,
-30273,
-32364,
-32666,
-31163,
-27938,
-23170,
-17121,
-10126,
-2571,
5126,
12539,
19260,
24916,
29196,
31862,
32767,
31862,
29196,
24916,
19260,
12539,
5126,
-2571,
-10126,
-17121,
-23170,
-27938,
-31163,
-32666,
-32364,
-30273,
-26509,
-21280,
-14876,
-7649,
0,
7649,
14876,
21280,
26509,
30273,
32364,
32666,
31163,
27938,
23170,
17121,
10126,
2571,
-5126,
-12539,
-19260,
-24916,
-29196,
-31862,
-32767,
-31862,
-29196,
-24916,
-19260,
-12539,
-5126,
2571,
10126,
17121,
23170,
27938,
31163,
32666,
32364,
30273,
26509,
21280,
14876,
7649,
0,
-7649,
-14876,
-21280,
-26509,
-30273,
-32364,
-32666,
-31163,
-27938,
-23170,
-17121,
-10126,
-2571,
5126,
12539,
19260,
24916,
29196,
31862,
32767,
31862,
29196,
24916,
19260,
12539,
5126,
-2571,
-10126,
-17121,
-23170,
-27938,
-31163,
-32666,
-32364,
-30273,
-26509,
-21280,
-14876,
-7649,
0
};
