#define AUDIO_LENGTH 161

const int16_t tone_300Hz[AUDIO_LENGTH] = {
0,
3851,
7649,
11341,
14876,
18204,
21280,
24062,
26509,
28589,
30273,
31537,
32364,
32742,
32666,
32137,
31163,
29757,
27938,
25732,
23170,
20286,
17121,
13718,
10126,
6393,
2571,
-1286,
-5126,
-8894,
-12539,
-16011,
-19260,
-22242,
-24916,
-27245,
-29196,
-30742,
-31862,
-32540,
-32767,
-32540,
-31862,
-30742,
-29196,
-27245,
-24916,
-22242,
-19260,
-16011,
-12539,
-8894,
-5126,
-1286,
2571,
6393,
10126,
13718,
17121,
20286,
23170,
25732,
27938,
29757,
31163,
32137,
32666,
32742,
32364,
31537,
30273,
28589,
26509,
24062,
21280,
18204,
14876,
11341,
7649,
3851,
0,
-3851,
-7649,
-11341,
-14876,
-18204,
-21280,
-24062,
-26509,
-28589,
-30273,
-31537,
-32364,
-32742,
-32666,
-32137,
-31163,
-29757,
-27938,
-25732,
-23170,
-20286,
-17121,
-13718,
-10126,
-6393,
-2571,
1286,
5126,
8894,
12539,
16011,
19260,
22242,
24916,
27245,
29196,
30742,
31862,
32540,
32767,
32540,
31862,
30742,
29196,
27245,
24916,
22242,
19260,
16011,
12539,
8894,
5126,
1286,
-2571,
-6393,
-10126,
-13718,
-17121,
-20286,
-23170,
-25732,
-27938,
-29757,
-31163,
-32137,
-32666,
-32742,
-32364,
-31537,
-30273,
-28589,
-26509,
-24062,
-21280,
-18204,
-14876,
-11341,
-7649,
-3851,
0
};
